-0.009224583363431366 0.0006039268055350469 0.06365355730491877
-0.008849107359119562 -0.01205680658170954 0.06255845056732096
0.0115423528435737 -0.01332385911141893 0.1469687687531415
-0.009648091895743125 -0.0193143320760056 0.1464392058802217
-0.01030496327228022 -0.01134923788236148 0.06090384729068549
0.004430868142774718 -0.004374679947355679 0.06249404504606947
0.003568970477113004 -0.008592419423073278 0.06262993575526921
-0.01038402552211809 -0.01098974230789366 0.06148555645417671
-0.001543114887039149 -0.004573511324266741 0.0655358875453266
-0.00965015103456987 -0.01221176124742841 0.06384354499859236
-0.005556969808832842 -0.004328678635883342 0.06337455440398418
-0.01072852274834389 -0.01315874926213954 0.0614629777637481
-0.01004202526086103 -0.01122464197139971 0.0623786657041687
-0.003114854240288181 -0.009594556259649683 0.06337329853337671
-0.001021369457285707 -0.009434202692196149 0.06322192051446578
-0.01013428705190422 -0.01136799691442662 0.06208964069509775
0.002317209991086679 -0.0120310102588302 0.06678041922909955
-0.00962861549466891 -0.01155920395529853 0.06620735329237072
-0.009787622133026606 -0.0141472458040376 0.07082554605338755
0.004369905540382767 -0.008913988739461354 0.07220557329555788
0.005637456908989681 -0.005290815733695568 0.0573931400099896
-0.01031916132496796 -0.01118763556747464 0.05587573616243071
-0.003120997782202436 0.0009616119577282051 0.06340568574727265
-0.009618441282685995 -0.01230478928862314 0.06153880123669749
-0.009323630134606064 -0.01425706612943942 0.06226316603516117
-0.005035800586129834 -0.004643514932466239 0.06418702625731221
-0.008256187157764772 -0.01540334071375157 0.06445449168270946
-0.00693881249729832 -0.006073265828934639 0.06614209970134644
