640 512
907.7173 407.9171
836.4528 357.5045
781.6918 641.5271
635.2941 686.6179
574.2432 398.1824
984.8992 585.5034
594.0928 478.1358
532.5812 575.1755
835.1729 299.7708
594.0618 354.5374
567.2677 340.2513
853.2527 493.8535
335.5639 725.715
430.5584 528.4265
606.336 455.7468
699.2169 587.0639
327.6595 721.3456
326.8955 475.937
777.7988 417.8934
645.519 375.9267
674.2269 496.0986
1059.501 367.6703
649.8121 472.0811
587.7274 470.7595
462.9502 615.5296
1019.028 476.0641
1030.037 405.1789
585.1342 682.1593
