-0.06589937 0.1203798 -1.191901
0.2664372 0.1270445 -1.53354
0.2422898 0.09116422 -1.809883
0.1292005 0.5058997 -1.962141
-0.09574838 0.4537995 -1.719198
-0.1007408 0.0558078 -1.609906
0.3339097 0.3543732 -1.54079
-0.09969693 0.1209074 -1.420008
-0.155882 0.1148463 -0.9936164
0.1158789 -0.04239002 -1.077293
-0.07435562 0.0001700521 -1.464619
-0.09619104 -0.005191323 -1.68918
0.2616301 0.3012075 -1.954944
-0.47113 0.4306761 -1.722866
-0.2911279 0.1826656 -1.625535
-0.08317919 0.0852094 -1.320131
-0.02176921 0.2008814 -1.207253
-0.3638401 0.2501453 -1.161946
-0.3829429 0.09304058 -1.558825
0.1449783 0.1378392 -1.720644
-0.037523 0.001615908 -1.210948
-0.04175813 0.07152112 -0.9759834
0.2865432 0.04471103 -1.082729
-0.03785615 0.1327687 -1.461448
-0.102471 0.1351915 -1.569824
-0.2832367 0.2986569 -1.641777
0.4315767 0.2680545 -1.712758
0.5516203 0.2356389 -2.012919
-0.152455 0.3913986 -1.58526
