-0.002621625614715826 0.01009611451203626 0.06689722002004341
-0.008427247200555033 -0.007975684620600049 0.06670391633905344
-0.002659017610959609 0.009984116035269497 0.06671684800247178
-0.008648297936891805 -0.007791092340728193 0.06650110208093579
-0.003223645818930853 0.00778547978599036 0.06701059775481416
-0.008440623408025927 -0.008019894778687513 0.06652715959323791
-0.002551255757484256 0.00770083900433285 0.06704892341705852
-0.00837985514818425 -0.00789014171540061 0.06654993350938583
-0.009034328496547596 -0.007552943168799464 0.06292821776630897
0.0004086599633917245 0.005190679750282942 0.06380843575815798
-0.008566224133306591 -0.00816078396191596 0.06527138638967719
0.001544414124080374 0.005584003488671802 0.06608151149949196
0.002698606614045077 -0.0008842960758053998 0.07147769336200421
-0.007955334403954972 -0.009024584603562764 0.07051520852138311
-0.008962679386474463 -0.007307160004397544 0.05971418809286885
0.001849608811946622 -0.001103485456282206 0.06078544016288492
-0.002004419465048131 0.003488576369093239 0.06728971286098198
-0.007571039630940905 -0.008785241745642559 0.06640476041494017
-0.01939820418495675 0.004086347761530088 0.07356887887652618
-0.01331467037741464 -0.008538282076193515 0.07453311877753784
-0.008203625104087247 -0.001910939659130531 0.06732860121736928
-0.008732702059480832 -0.008593977299481602 0.06673810879874498
-0.001458938926619243 -0.002812418950913986 0.06754266675611169
-0.008938422692909868 -0.00946192790477992 0.06635229126233579
0.003018747186774988 -0.006665913137855535 0.0614789642347271
-0.009580729684793754 -0.006678205730037909 0.06080149227484596
0.005458973052823935 -0.003235094024050238 0.07130087354949688
-0.007991597936773081 -0.01185210413862537 0.07014087808804072
-0.007583425684655349 -0.009971961270262984 0.06641500399139141
-0.004048307911406732 0.002094315117009853 0.06743238212544443
-0.008786540936459811 -0.008816408189698144 0.06485688501069198
0.001436956969145411 -0.005423396350725826 0.06580174629124473
0.006513489185013936 -0.00168949625347386 0.07054791857021997
-0.007872642173886044 -0.009562330273552147 0.06977730360572584
