-0.04790284 0.1990082 -1.611539
-0.02039924 0.002280854 -1.175699
0.368794 0.1015788 -1.342764
0.2292902 0.2043821 -1.556513
0.2101353 0.08605504 -1.796363
0.09160317 -0.01932115 -1.833487
0.1976075 0.1891968 -1.197852
-0.242479 -0.01141975 -1.474679
-0.1985072 0.06366686 -1.167339
0.4188657 0.1808441 -1.665204
0.09949238 0.2046315 -1.070715
0.3619485 -0.0442904 -1.533976
-0.01975841 -0.1151949 -1.614858
0.1173406 0.3053648 -1.669822
0.1625645 0.01711739 -1.215209
-0.1471462 0.2040546 -1.064662
0.1518012 0.2983786 -1.257808
-0.1122247 0.0007943562 -1.170663
0.120657 0.2944615 -1.511916
0.01211829 -0.03207994 -1.789364
