-0.01303141023139735 -0.005037948385383335 0.06134044531437163
-0.007865424126131258 -0.01383815727165193 0.06086451605458858
-0.008274479429448308 -0.01277646143660929 0.05980981556254072
-0.0007452622198882548 -0.009132537241101886 0.06103245335113246
-0.01458872116937198 -0.01173378514962821 0.060998090155791
-0.007386739474359583 -0.01297528870409574 0.06203513089316913
-0.006838666562750966 -0.0147985980210423 0.06391347510199968
-0.002913965155170551 -0.009745329409496226 0.06517081804867635
-0.0004860026261700426 -0.006788783677018052 0.0637787052915666
-0.007353942939079422 -0.01441632605313326 0.06206557900650739
-0.007778805910910244 -0.01316115556810198 0.06062792701008499
-0.0005448644425517942 -0.008957421358144691 0.06187842189470803
-0.007705569727838394 -0.01412504865820092 0.06300778520573012
0.003072288226374871 -0.009599078604358491 0.06424400778251599
0.000291030310105972 -0.00634534997017089 0.06292454386177288
-0.007660212138914544 -0.01369193641815797 0.06126743353695723
0.004667765166027245 -0.006746395149105917 0.06324461696390116
-0.007698819391955187 -0.01430467183573476 0.06167080344624693
0.00341213746076525 -0.005484243467531361 0.06259362833656332
-0.007692330596011434 -0.01387696287999605 0.06089285564027212
-0.007647489650032386 -0.01255954208689651 0.06205041060126756
-0.003918048813854343 -0.001679848637395608 0.06362630472700319
-0.001387511864566034 -0.007418801093187115 0.06490629140420184
-0.008679260005940548 -0.009579654752031565 0.0640522530693723
-0.008379905622337532 -0.01065886508605749 0.06557471023190602
-0.001605539570471774 -0.005981530184051504 0.06667473572880084
0.002894644226777312 -0.001980710400622682 0.06900734735908182
-0.007312017471638431 -0.01210792706384019 0.06763319208154311
-0.007755045673489034 -0.01057973376213762 0.06598544723581155
-0.006206282220017805 0.001262639238449467 0.06697789598027625
-0.008580086816616898 -0.01017161962076222 0.06633712333209435
-0.0083056732430432 -0.005055950077490136 0.06695630536597266
