-0.007020221385973665 -0.01565242715835529 0.06311237817297655
-0.004765005796885805 -0.008445681418574559 0.06467935874787331
-0.007443528368257104 -0.01583958679712843 0.06145384300430967
-0.005166427115286879 -0.003823734884227815 0.06357326896478363
-0.008158208987639894 -0.004599448539286605 0.06185323713965781
-0.007458108570126192 -0.01525129280356581 0.06021053836150621
-0.01106956318165903 -0.00433570822636547 0.06401171260988112
-0.009455983852043139 -0.01463597088987691 0.06273121767993591
-0.01301797022711163 -0.005049472583883062 0.0614095984652643
-0.007893938890540389 -0.01383336591554359 0.06092969080927157
-0.009279072934915093 -0.003614765856346462 0.06266292423948613
-0.008879370444619259 -0.0146593549654106 0.06109066944695053
-0.007588459479413856 -0.01369644919508928 0.05978443948460938
-0.0142305031308004 -0.004372747726912339 0.05998106784873334
-0.007766890700201338 -0.01561456469512271 0.06114932798478492
-0.00523669780934849 -0.0036023121368268 0.0632691068222105
-0.005087011074929571 -0.00391050914611636 0.06357511483404599
-0.008299276152064201 -0.01519750521087191 0.06150709585354969
-0.008345181739470974 -0.01284732751317113 0.05965904011341452
-0.0006251749813951783 -0.008936707271930171 0.06093965350351078
-0.007190265650724532 -0.01496011797879927 0.05950063214357958
-0.009907085725966684 -0.004431667233935057 0.06081151415233115
-0.01283052588348144 -0.004525407666503428 0.06314450757408655
-0.00824934891900886 -0.01368355248715562 0.0625862539181913
-0.01454194196123269 -0.01168226673187995 0.06117802838766143
-0.007500314256157928 -0.01307568124907294 0.06215678913305989
-0.008377153536089529 -0.01082007239762698 0.06172492041919552
-0.006341707056739091 -0.01472304976972813 0.06115742821520327
-0.003347951051129492 -0.01201585397794728 0.06775594375287532
-0.005455401909450265 -0.01568318593226289 0.06686354541843674
-0.008564455921411057 -0.01176094810628842 0.06174034033908592
-0.004639935181759692 -0.01251092987186778 0.06201199130833517
-0.002978202802922171 -0.008842838309609937 0.06632999191175393
-0.006205376468297346 -0.01647662314683954 0.06462776106970065
-0.006786736771454905 -0.01516787734171059 0.06379288204935021
-0.002945544002946059 -0.009314129210659234 0.06519376401769082
-0.0005039933331881549 -0.006731774467548482 0.06382107250419174
-0.007344520715213239 -0.01444404590362989 0.06209772657468847
-0.007445823105223634 -0.01474142744757319 0.06142596786609567
-0.005581503702046856 -0.002712479836088993 0.06330393955162514
-0.009242457081128091 -0.003872125100986162 0.06197291899668554
-0.007254520703381042 -0.01443788548409302 0.06066282590496722
-0.01307430843450465 -0.003299752680596536 0.06318231627679891
-0.008839374489624904 -0.01494938673104008 0.06222710256707349
-0.007852352713857737 -0.01308109819483972 0.06036341759933579
-0.0004342710335945642 -0.009005047026693953 0.06160549727186756
-0.001172630447895246 -0.007439129866057278 0.06340371812844779
-0.007430387225043073 -0.01451015986216993 0.06173323087530122
-0.007950650351758454 -0.01390810903433223 0.0617975329371054
0.003419172054787188 -0.009353498403024557 0.06305874043400959
-0.002054292020470597 -0.006890927318348767 0.06538047726658607
-0.006476923758861271 -0.01504923251814338 0.06370150596222561
-0.005561584061813259 -0.01724555974367844 0.06456494754976624
-0.002208277687257104 -0.005164692163258996 0.06682381659833712
0.000291030310105972 -0.00634534997017089 0.06292454386177288
-0.007660212138914544 -0.01369193641815797 0.06126743353695723
0.004699356657951383 -0.006729851319592485 0.06310153470748936
-0.007718645144344866 -0.01428938324645777 0.06152572289534248
0.003483734640904206 -0.005354593406340074 0.06228118606101818
-0.007747744603282864 -0.01383781258276333 0.06056601036265506
-0.002131998382439469 -0.001859799878134267 0.06278953770380411
-0.00701578115563458 -0.01379168852772479 0.06091878577316965
-0.007139919044802654 -0.01354714272739871 0.06225770061355006
-0.003702914236645941 -5.036729179324143e-005 0.06400633324149448
-0.007084543842758626 -0.01353956537010875 0.06152611628795408
-0.007055711484280018 0.001115032210703606 0.06299164401704371
-0.01048354817326428 0.001944408608135534 0.06105327615288825
-0.006708599709372567 -0.01379791621121944 0.06004831583237744
-0.009542725662723231 -0.01297652384913916 0.06648885775728011
-0.01212945103013963 0.002202346911886412 0.06729225866276337
0.003211610375219567 -0.003962158908560952 0.06148898648027532
-0.008073566250731449 -0.0125033477563923 0.05987814647822825
0.0006844363160305009 -0.002073687298497006 0.06401311268090894
-0.007392530407813513 -0.01350993641104367 0.06217137073863261
-0.007608260609904835 -0.01333812894305421 0.06209437255826804
-0.003844507853761886 -4.405907076472388e-005 0.06384919917097948
-0.007571824067765673 -0.01115326147719615 0.06638288909091736
-0.003622825146546036 -0.005198769593266885 0.06744081596498233
-0.007668980851900728 -0.01269423976621839 0.06585019367877046
-0.004127298850660688 -0.002419232029823877 0.06732991696611432
-0.005660492563023824 -0.003853867574226037 0.06764503916096834
-0.007898063683810705 -0.01136862671842815 0.06656665615011895
-0.007842512337306795 -0.003646701892999087 0.06502018023577805
-0.005967645634016501 -0.01167164938334599 0.06426964352327867
-0.01171256627708347 -0.01123112676819049 0.07214177131183568
-0.01197155514387072 -0.002223818605214482 0.07293486192168874
-0.009752366534906709 -0.00324257120580907 0.06789916510121552
-0.008608415174335041 -0.01060471341851603 0.06730048130582321
-0.007440181599001457 -0.01254120944402423 0.06585000518433652
-0.005537571539594237 -0.003673537930032955 0.06711707562046064
-0.001387511864566034 -0.007418801093187115 0.06490629140420184
-0.008679260005940548 -0.009579654752031565 0.0640522530693723
-0.0010747651418682 -0.003460313224589423 0.07086166275790046
-0.006535112562003515 -0.01369263581976163 0.06931311682968949
-0.0002362393223873213 -0.004166704630773883 0.07248085397200887
-0.00633842528314625 -0.01304277472499023 0.07113790706376143
-0.008389662738346708 -0.010883582286154 0.06564642652020955
-0.001559106519395253 -0.005648929309901143 0.0668128049375932
-0.00779737496456152 -0.0100687357871663 0.06655782022706004
-0.005389425987726723 -0.005071616541531904 0.0673598895726964
-0.008481144482917046 -0.002853479993061552 0.06664896195446365
-0.008025751734151597 -0.01126903006228369 0.06580845356012836
-0.0135191034197357 -0.005003419508553087 0.07118007655326901
-0.01076593725765737 -0.01134559985301678 0.0709209110285586
-0.007607584869817226 -0.01077149425291381 0.06640802530161652
-0.002714660243102423 -0.008068119171470413 0.06716742017713377
0.003177369610196403 -0.002545597149866994 0.06804664768261813
-0.007557316074318458 -0.01160217951857371 0.0667472726596616
-0.007482192922435755 -0.0114271173767753 0.06521651172665793
-0.00269012648500769 0.001291558666097801 0.0665646356556629
-0.007612450934308119 -0.01122899625290857 0.06520276294409561
-0.00289844006528465 0.001477899332304303 0.06651958298403965
-0.007610458317748001 -0.01070769844006442 0.06603766347077947
-0.006349080946530894 0.001338252475444188 0.06701824475331943
-0.008364264340488438 0.002693266834690205 0.06477756124814973
-0.00708784775788583 -0.01135629628322626 0.06398549831287409
-0.008826290792473591 -0.01074677504526699 0.06678793557166864
-0.006618842311916192 0.00294734307583872 0.06783457095165806
-0.007812293255941142 -0.01113493956757879 0.06568917309028186
-0.01083123930180915 0.003417845814994129 0.06611421066266569
-0.009111509423941861 -0.005056127041766782 0.06614047385207011
-0.00772948984762483 -0.01025454753030838 0.06571335897415037
