-0.06500586 0.09826373 -1.075994
0.2905444 0.2848523 -1.427913
-0.1517185 -0.051965 -1.546759
-0.1069532 0.0006151786 -1.06853
-0.3556869 0.2787992 -1.953091
0.4266442 0.1505074 -1.899591
-0.002065643 0.2197187 -1.609748
0.2843166 0.2017787 -1.446628
0.09674433 0.09372172 -1.258826
-0.006073386 0.155778 -1.229416
0.08326092 0.2130148 -1.003905
-0.1547835 0.2892405 -1.432852
0.3117037 0.2884386 -1.651639
-0.1501735 0.2861233 -1.374827
0.08773718 0.1357883 -1.565038
-0.2466437 0.1794251 -1.280207
-0.08147761 0.3198799 -1.374792
0.175038 -0.05544437 -1.638129
-0.2297311 0.00525962 -1.618816
0.07422996 0.03928967 -1.089348
