-0.01216662377197609 -0.01115644448644744 0.05879748733096409
-0.005292491326742477 -0.0005978638658403149 0.06083806044226885
-0.012617242491062 -0.01056836458199414 0.05833147465215718
-0.0005951072041432163 -0.004317480621224272 0.06045205771197863
-0.01539757353539926 -0.01263470286541667 0.06334537851382778
-0.01726388056290911 -0.005151841856041757 0.06391224389532459
-0.006712180574875494 -0.005745213527406957 0.06435204845290735
-0.01110863152870207 -0.01205762060045117 0.06285267756942159
-0.0009444517157563359 -0.003093624563385261 0.06493908223988917
-0.0115072143693929 -0.01177160229676409 0.06290119474990376
-0.0118672930640563 -0.007491247835469662 0.06408053466457885
-0.007971911079860297 -0.01479067533124864 0.06341096844142431
-0.0001688366910117846 -0.0104685566938608 0.06423338844070467
-0.01199162849272396 -0.01088832825905469 0.06303326526105738
