-0.06493957 0.127781 -1.229799
-0.3522176 0.09443808 -1.546027
0.3154661 0.3243687 -1.650994
0.03355776 0.1846769 -1.719094
-0.06508257 0.02752706 -1.749884
0.08212254 0.1894829 -1.351647
0.2707853 0.1692738 -1.34736
0.1596147 0.1706365 -1.607361
-0.001227395 0.2920229 -1.374245
0.3018589 0.3144478 -1.625315
-0.512709 0.2274041 -1.788202
-0.04909069 0.004862407 -1.799141
0.1587669 -0.0031552 -1.374379
0.06716116 0.202155 -1.113994
0.04905165 0.3438857 -1.559461
-0.4583229 0.2563403 -1.473281
-0.2850326 0.08256973 -1.253036
-0.1294257 0.00489432 -1.632998
-0.01761388 0.0122431 -1.224202
-0.2296585 0.2886278 -1.583772
0.2028721 0.1459533 -1.86485
0.0527831 0.5361263 -1.943794
