-0.0006277041837014696 0.002520757347916442 0.06175459859994218
-0.008479761399719767 -0.01339733955318326 0.05974097101562566
-0.008360172361438387 -0.01346515785727769 0.05922877536003334
0.0009903183177314688 -0.001464993799995099 0.0612872242109169
-4.765183881462595e-005 -0.0002251841630888313 0.06165537915234276
-0.008170807256519867 -0.01339132946544855 0.05962674702638742
-0.007902227231315997 -0.01471285282020262 0.06060628747596418
-0.003431658843048269 -0.001996632877991946 0.06273972019127085
0.00151247237649177 -0.01166371802010499 0.06381245924581509
-0.008368024818570793 -0.01295235000407333 0.06302834787418078
0.003911814763771907 -0.007807337166384185 0.06264039545065182
-0.008288809612976386 -0.01316089917830673 0.06130385239614216
0.002788271695021971 -0.01260644997935019 0.06020762405508471
-0.008428904726283756 -0.01174650244133139 0.05985506060473552
