-0.06500947 0.09047844 -1.015306
0.04192961 0.2506233 -1.267052
0.1059904 0.03787636 -1.517622
-0.1133971 0.1665963 -1.730296
0.2748813 0.4061241 -1.733588
-0.12292 0.360192 -1.588058
0.278916 0.2400923 -1.539904
-0.3232061 0.2309925 -1.339953
-0.01493074 0.2642466 -1.320575
0.07574558 0.08776609 -1.591997
-0.2597225 0.1044985 -1.562722
0.3267942 0.1399613 -1.558819
-0.09269208 0.002376757 -1.325199
-0.05014269 0.2632937 -1.11901
0.0234631 0.2299848 -1.07728
-0.04080236 0.09712268 -1.310655
-0.07315796 0.3284057 -1.489643
0.1366873 0.1805439 -1.603968
-0.05851259 0.2921163 -1.205349
0.2518239 0.1424221 -0.9915363
-0.2637973 0.1150576 -1.520324
-0.2579258 0.3442287 -1.39918
0.2006425 0.1980761 -1.440673
-0.1379182 0.04374795 -1.471801
