-0.004610211115059075 -0.0036645720643948 0.06870538216140264
-0.008062982419448684 -0.01068657635872498 0.06764538471409369
-0.005455462005550257 -0.003512264622868756 0.06748656911125336
-0.007992209418895989 -0.009652830317875179 0.06662944194829981
-0.009132415112340944 -0.01019129941174025 0.06457218691900203
0.0005417948062417227 0.002108108282918241 0.0659703967764467
-0.009180744725103713 -0.009075651633337062 0.06449082996630284
-0.005363409496314338 0.002903461541982662 0.06548682635209062
-0.009566778613325586 -0.009505867562296504 0.06428923874802561
-0.007679982766318927 0.004825307686165104 0.06505939794058828
-0.006555255253334904 -0.0007489229449662259 0.06652619042487487
-0.01037729296131385 -0.01436453570690502 0.06446113692901097
-0.008639510857929305 -0.01148306457143957 0.06508054087721227
-0.005824164572075563 -0.002150308084210994 0.06635837552914464
0.00113249189682361 -0.0009080974320949736 0.07154330583724175
-0.008417176507177621 -0.01158687048877282 0.07011025146786369
-0.001537157339759886 -0.0009007678958297145 0.07176630836134892
-0.008351280775753896 -0.01200970517337155 0.07028229038924935
-0.009774749962183815 -0.008752146159219361 0.06751552664617384
-0.003351313075197171 -0.007697464924192969 0.06826426497032392
-0.008545942034567315 -0.0132432481776586 0.06853140613616966
-0.007000283163391556 -0.002525551927666811 0.06992558900464745
-0.009514690559215652 -0.008848586064299986 0.0653207205177182
-0.005585145992602153 0.006371554437386958 0.06605931258362849
-0.008671686708079975 -0.008902100155201102 0.06378013874489101
-0.006852697873363248 0.006318926300279128 0.06430756828027254
