-0.05091314 0.198967 -1.588556
-0.06542853 0.07345523 -1.996007
-0.03542976 0.4586441 -1.840229
-0.2977057 0.06706601 -1.355101
0.1565874 0.1350794 -1.247805
-0.1411999 0.09832989 -1.531299
-0.1679939 0.1558823 -1.395926
-0.2456828 0.08530691 -1.708668
-0.1381657 0.3922352 -1.728951
-0.119597 0.1768478 -1.472091
-0.3697033 0.3490035 -1.659495
0.153811 0.3043526 -1.607609
0.1524607 0.2231116 -1.219337
0.2736562 0.2846158 -1.658646
-0.3872966 0.2384809 -1.620378
-0.26105 -0.1053862 -1.734502
-0.09754498 0.2770487 -1.331685
0.08228544 0.4265426 -1.623201
-0.134838 0.04065958 -1.790193
0.3363792 0.02626191 -1.41027
