0.001294507579164462 0.002141454103675568 0.06440258503389437
-0.009708458067696206 -0.01033324233117676 0.06287228705456499
-0.003141061780749308 0.005629801503390007 0.06351660255645041
-0.009147063815755412 -0.01119341014126299 0.06218487378255348
-0.00820943230915594 -0.01108082172043806 0.06179100961540094
-0.006616338085899541 0.004107536020258732 0.06283041044195611
-0.008373197459451649 -0.01079530599304952 0.05983541250829006
-0.005519235126336934 0.003485941698515423 0.06102714077613773
-0.008581039562836606 -0.01095632735483367 0.06234428886741714
-0.00743368403755972 0.003518329356075722 0.06334703942285783
-0.01011335364353988 0.004624576457791241 0.06298743280759829
-0.009212569442335318 -0.0108923601405482 0.06235036788876001
-0.0117369294542115 -0.01076022453955153 0.06078770438042024
-0.004616652997888042 -5.349613659454827e-006 0.06266872773141953
-0.009504477577829639 -0.01095603057841753 0.06030536625282071
-0.004281505035123301 -0.002191625362679287 0.06183827610673998
-0.009358075583927816 -0.0115363537416511 0.06162529416459384
-0.001541456540823125 -0.002802615615492585 0.06330961360334057
-0.008511190795794143 -0.01396773399469798 0.06277753037146699
-0.00473143680424877 -0.004511156654666181 0.06454315806229173
