-0.05204565 0.196178 -1.58271
-0.2429583 -0.07107233 -1.632792
0.4006151 0.1334209 -1.940463
0.5370512 0.3756554 -1.835002
-0.121867 0.5088605 -1.86766
0.01327105 0.2981675 -1.295172
0.06385964 0.4539776 -1.775718
0.1308552 0.03710117 -1.847254
0.2184982 -0.0005820728 -1.434994
-0.3604803 0.170305 -1.455718
0.2714543 0.0408966 -1.728468
-0.334161 0.2563898 -1.391769
0.1201658 0.2787164 -1.708629
0.03599465 0.02319579 -1.336398
-0.3333684 0.05268065 -1.2545
0.1902567 0.01217167 -1.326371
0.2239019 0.5010576 -2.055832
0.08958202 0.2709552 -1.891832
0.3768608 0.1973026 -1.808615
0.1046013 0.08447044 -1.461086
