-0.009819205167199516 -0.007037650999928986 0.06682562639332064
-0.003679672069664788 -0.005170901648948831 0.06761162218264445
-0.009431577231798955 -0.002198963945858858 0.06665059781886897
-0.008050679282812813 -0.008278101663488677 0.06635323561863002
-0.009992324243104516 -0.009047355815540475 0.06696457651684622
-0.009143432114513201 -0.0001378807384117579 0.06769294156100875
-0.01132728881452943 0.002031507104591874 0.06761266621939704
-0.0104624228626637 -0.009918924152007616 0.06705266421111764
-0.01418316190786369 0.002235449181801696 0.0706510514484965
-0.01267329540249943 -0.00956468869251738 0.07032520671411786
-0.003090749553266348 0.00192880465069355 0.06698325732395603
-0.009883493461134922 -0.008921740163355452 0.06574761510024631
0.0001735369948476489 -0.0002506308220152293 0.07496031823334533
-0.008723636638665173 -0.009667803598710363 0.0738212298591349
-0.005111825906550996 0.002318310779340951 0.0678633062090159
-0.00933084224438718 -0.007945370356776754 0.06698313318658036
-0.009722721963689592 -0.00674259443241629 0.06766844627173244
-0.008224005694129268 0.002250210667373118 0.06816388196977173
-0.01161589176628283 0.006700743273564596 0.06698283238118319
-0.009821368067923497 -0.008901825185551224 0.0670136327428245
-0.01430219092840226 0.004842586435553466 0.06443758699412554
-0.00914412527723984 -0.00865753831868326 0.06497413277249993
-0.009526594268520365 -0.008324857183027813 0.06619425674605241
-0.0161620809122165 0.005032280044349673 0.06523191067092336
-0.01008297445936155 -0.007645528926320196 0.06490608902323233
-0.002334137113758206 0.0008162385823767141 0.06608181623800842
-0.009813071892180222 -0.009733475690212611 0.06693506050451104
-0.003732360526124091 -0.0005576106850740505 0.06824293230029414
-0.01397566217671969 0.004095694557072254 0.06504393787975926
-0.009223359285782421 -0.009285014486325323 0.06535691127618183
-0.009548477435326962 -0.007136705024699602 0.06728435023885634
-0.01093893133792978 -0.00278595522830819 0.06739338247675011
-0.01164121999186338 -0.008448187653620405 0.07168850533656028
-0.01974826408762333 0.002218044220673422 0.07036489195813776
-0.0107944527763902 -0.0084919022332941 0.06914590693675411
-0.01868088893525147 0.005303860446624811 0.06776933313335266
-0.00926375398651068 -0.008791578598259369 0.06701201963447087
-0.006291562441867063 0.006168749616060941 0.06764674816927353
-0.01126750637432909 -0.009581510298315481 0.06818080823275238
-0.009719821173300218 0.001381098807583853 0.06907244235732787
-0.01203981372983972 -0.006016513537764374 0.06433440092658768
-0.00582991317322222 -0.004188930791172189 0.06533403143539916
