-0.0586366 0.1712472 -1.460986
-0.2169508 0.1929388 -1.3883
0.1784715 0.09864717 -1.359427
-0.1929967 0.2264466 -1.111814
-0.1175933 0.2544802 -1.563578
0.1226132 0.1193957 -1.588933
-0.2630132 0.4781456 -1.819419
0.2780962 -0.1234429 -1.749492
0.3413081 0.2453282 -1.276801
0.411438 0.09894747 -1.632876
-0.2411114 -0.05495171 -1.161553
-0.03979925 0.1921522 -1.394853
-0.3307818 -0.08978619 -1.70211
0.1015213 0.1580442 -1.599926
0.4313992 0.1087065 -1.834828
0.1495171 0.08205897 -0.9391744
0.09723857 0.1956389 -0.89667
-0.08930906 0.0534648 -1.374844
-0.1187138 0.04586951 -2.112811
-0.2842378 0.358742 -2.019874
