-0.01151627574042924 -0.01004956129896644 0.05915591672211652
-0.001529171753508216 0.002021767107204117 0.06104600612634514
-0.01154769848296967 -0.009732439388530642 0.06213861746788094
-0.01146786963445124 0.0009639404217251981 0.06290338848134683
-0.01181433431278951 -0.009896179882316761 0.06025778169917072
0.0002447907463577932 -0.004289299672264877 0.06204881233862938
-0.0005637977362022255 -0.008197098348151787 0.06720757926866247
-0.01154016745508457 -0.009639170716470559 0.06601726988733715
-0.01181176799220826 -0.009356748337439318 0.06121230191033393
-0.002231389962041305 -0.005901729482405182 0.06272322532896096
-0.00556555292203152 -0.002417105237891992 0.06476928359638609
-0.01067113867231703 -0.01129559645963115 0.06316972514350062
-0.006560255482381518 -0.0004813898647608329 0.06320549198045292
-0.01161153629230773 -0.01086145138296554 0.06152563696114819
-0.0125678054315426 -0.01164008795509623 0.06053635094048238
-0.006710159282874427 -0.002743460144345807 0.06249430658061236
-0.01087226374085129 -0.009826674356504247 0.06542748074310076
-0.0008105865318433362 -0.006664929672542361 0.06671166724106577
-0.00836327288382353 -0.0005356081863162809 0.06324043398834374
-0.01160009344559737 -0.01200269084730027 0.0615707474777605
