-0.06730267 0.07339514 -0.9545308
-0.02395985 0.2916936 -1.212567
-0.2118614 0.2176996 -1.372308
-0.1780304 -0.0112489 -1.596237
0.2378156 0.4007086 -1.74164
-0.2552452 0.3147903 -1.927168
-0.09080967 0.5460443 -2.001875
0.1629304 0.02235239 -1.882699
-0.2516251 0.3964516 -1.633347
-0.01695868 0.2884276 -1.537486
-0.4223995 0.2366925 -1.340311
-0.1112763 0.2233347 -1.311887
-0.0819926 0.08618966 -1.671446
0.3581984 0.4349768 -1.769126
-0.4444811 0.0231107 -1.828052
0.2963251 0.207425 -2.156114
0.5317296 0.4465436 -2.040694
-0.00630419 0.3474782 -1.649589
-0.06595911 0.02566319 -1.41708
0.09183853 0.2292584 -1.706524
-0.287009 0.01973762 -1.724506
