-0.01115713114299278 -0.01619315143505678 0.05820963407102339
-0.01163547597575821 -0.006673667347805477 0.05995947873665563
-0.01100722281146388 -0.01610374714439276 0.05959231378202973
-0.007464979159975581 -0.007046277314879602 0.06185755855310315
-0.01146203897231355 -0.01396235583089053 0.05844364071566379
-0.005032027123439364 -0.01240309880194631 0.0596894186685627
-0.02263010147640273 -0.006213449405865979 0.05827522524266554
-0.0109689048401662 -0.01485975613926525 0.06004665767154647
-0.01589082237310349 -0.004432196623714914 0.06157350005404554
-0.01259821252003744 -0.01686778938338811 0.06016827431568877
-0.01612696250032751 -0.006971227731082146 0.06026290543633718
-0.01134091822801802 -0.01565769834161082 0.05972030444985207
-0.01332511433993444 -0.007814808127829623 0.06050042561487334
-0.01090574790129611 -0.01564518640878696 0.05945775141035545
-0.01219967755527953 -0.007851459763143154 0.06011696036408519
-0.01039540313161184 -0.01604398726848547 0.05881371049799516
-0.01075469042766975 -0.008395628112974904 0.06052957875969513
-0.01005726942464405 -0.01615949282774249 0.05905676900832606
-0.01001945798839685 -0.01361304152463821 0.06114802925051007
-0.009443496559077357 -0.01197905067964748 0.06158009935609993
-0.01122118461752488 -0.0141906878108691 0.05936928874635114
-0.005243497900203478 -0.01112981340576677 0.06083285324836506
-0.01128379967740937 -0.01432562496439859 0.05919688484552223
-0.002376654403585842 -0.01160603955008686 0.06079860361062794
-0.01051998263629456 -0.01494902370094738 0.06163011325667066
-0.004039747449705944 -0.0144602578876029 0.06250596440881535
-0.008678217488448117 -0.01246306130351567 0.06438145562579509
-0.007236681105357813 -0.01963032244366937 0.06275262601409719
-0.001531371404865906 -0.01439893141850876 0.05989478628536449
-0.01108202416766525 -0.01428220205923342 0.05890897379203409
