-0.06428168 0.1164394 -1.148951
0.1161311 0.2177107 -1.456958
0.0942113 0.1613199 -0.9396367
-0.09356046 0.09263041 -1.670686
0.1777684 0.3547506 -1.702461
0.1481293 0.1402622 -1.801398
-0.1296679 0.2463506 -1.202647
-0.3494196 0.355095 -1.429474
-0.2084984 0.1468059 -1.591732
-0.03209374 0.3011237 -1.718632
-0.2073401 0.226999 -1.547789
-0.1276946 0.329454 -1.6068
-0.03239436 0.1116297 -1.251169
0.02553589 0.3111969 -1.469951
0.1845126 0.1561591 -1.651111
0.1065471 0.1973215 -1.929278
0.0827755 0.2467602 -1.538038
-0.06516849 0.3176762 -1.602859
0.09309116 0.2195149 -1.480146
0.1869267 0.3354689 -1.409739
