-0.01105690084362639 -0.008690263871805144 0.06533896946805082
-0.01110089150960978 -0.003066080516356569 0.06583559851276022
-0.01234800562666268 -0.007199292368199621 0.06487352238251373
-0.005713702521488834 -0.006216949142962447 0.06589066782726649
-0.01024514992633643 -0.0106095857277212 0.06491263071060378
-0.0106227049163691 -0.001770076451807411 0.06569018953932698
-0.01029326072494315 -0.005061820195371529 0.06587449668423852
-0.01429967090616596 -0.005437288183174905 0.06509207219494657
-0.01110689990139728 -0.01097306602655882 0.06716392642930177
-0.006901946205041973 -0.001584864390684582 0.06859020163470425
-0.009585878574656183 -0.006443149730103176 0.06624839809784082
-0.01311625331629672 -0.00546696768004251 0.0657292146640342
-0.01289734977266608 -0.009704362048248694 0.06429742046101308
-0.009231949348710742 0.0001226307903957336 0.06564625369946384
-0.01491710050692392 -0.008827220955974088 0.06977510146320858
-0.01909252491769714 0.003679925839610346 0.0692166030632997
-0.008060057786666438 0.0004689057758104779 0.06530294778209755
-0.01186835982235336 -0.009657672071241973 0.06399633425809523
-0.002690505973923843 -0.005006188822950626 0.06176450665427748
-0.01323300139010425 -0.006610370412561228 0.06023575108182248
-0.01378937148981252 0.0004924223013201916 0.06516366636055346
-0.01180849507920992 -0.008829936226447177 0.06495601842445062
-0.007255532942763773 0.0005728683844839835 0.06716768758224008
-0.0130601108996229 -0.01018110918732923 0.06549998252381531
-0.01264066421236591 -0.008428783561065911 0.06693339244357736
-0.009385641820750482 -0.00211120890737574 0.06795853392045048
-0.007946824104242094 -0.005360896409771987 0.0645723045537689
-0.01383978410592015 -0.00491601724259379 0.06360634315394019
-0.01210986280571091 -0.01121238742052786 0.06569781054475714
-0.008746530729424714 0.001485435025481794 0.06715549420710307
