-0.06617357 0.1328584 -1.263644
0.1433215 0.2317676 -1.23852
-0.2993655 0.2820466 -1.443684
-0.1609579 -0.08442511 -1.453822
0.2959374 -0.02193318 -1.439624
0.3231345 0.09642172 -1.638397
0.3065502 0.3527571 -1.745446
0.2929229 -0.02322332 -1.808187
-0.4512151 0.3789714 -1.425231
-0.3852504 -0.0719147 -1.467848
0.06682836 0.2337573 -1.557432
-0.2787423 0.1981586 -1.23802
-0.2569965 -0.04965464 -1.529406
-0.1697928 -0.06229085 -1.01257
-0.002101582 -0.07036031 -1.022565
0.08198907 0.1370575 -1.3806
0.06955206 -0.07503887 -1.189718
0.1154053 0.2254155 -1.557376
0.2462083 0.1794533 -1.398817
0.2549063 -0.002501101 -1.408179
-0.006295286 0.1340331 -1.18462
